2425967623052370772757633156976982469681 40000 60000
2425967623052370772757633156976982469681 60000 80000
2425967623052370772757633156976982469681 80000 100000
2425967623052370772757633156976982469681 100000 120000
2425967623052370772757633156976982469681 120000 140000
2425967623052370772757633156976982469681 140000 160000
2425967623052370772757633156976982469681 160000 180000
2425967623052370772757633156976982469681 180000 200000
2425967623052370772757633156976982469681 200000 220000
2425967623052370772757633156976982469681 220000 240000
2425967623052370772757633156976982469681 240000 260000
2425967623052370772757633156976982469681 260000 280000
2425967623052370772757633156976982469681 280000 300000
2425967623052370772757633156976982469681 300000 320000
2425967623052370772757633156976982469681 320000 340000
2425967623052370772757633156976982469681 340000 360000
2425967623052370772757633156976982469681 360000 380000
2425967623052370772757633156976982469681 380000 400000
2425967623052370772757633156976982469681 400000 420000
2425967623052370772757633156976982469681 420000 440000
2425967623052370772757633156976982469681 440000 460000
2425967623052370772757633156976982469681 460000 480000
2425967623052370772757633156976982469681 480000 500000
2425967623052370772757633156976982469681 500000 520000
2425967623052370772757633156976982469681 520000 540000
2425967623052370772757633156976982469681 540000 560000
2425967623052370772757633156976982469681 560000 580000
2425967623052370772757633156976982469681 580000 600000
2425967623052370772757633156976982469681 600000 620000
2425967623052370772757633156976982469681 620000 640000
2425967623052370772757633156976982469681 640000 660000
2425967623052370772757633156976982469681 660000 680000
2425967623052370772757633156976982469681 680000 700000
2425967623052370772757633156976982469681 700000 720000
2425967623052370772757633156976982469681 720000 740000
2425967623052370772757633156976982469681 740000 760000
2425967623052370772757633156976982469681 760000 780000
2425967623052370772757633156976982469681 780000 800000
2425967623052370772757633156976982469681 800000 820000
2425967623052370772757633156976982469681 820000 840000
2425967623052370772757633156976982469681 840000 860000
2425967623052370772757633156976982469681 860000 880000
2425967623052370772757633156976982469681 880000 900000
2425967623052370772757633156976982469681 900000 920000
2425967623052370772757633156976982469681 920000 940000
2425967623052370772757633156976982469681 940000 960000
2425967623052370772757633156976982469681 960000 980000
2425967623052370772757633156976982469681 980000 1000000
2425967623052370772757633156976982469681 1000000 1020000
2425967623052370772757633156976982469681 1020000 1040000
2425967623052370772757633156976982469681 1040000 1060000
2425967623052370772757633156976982469681 1060000 1080000
2425967623052370772757633156976982469681 1080000 1100000
2425967623052370772757633156976982469681 1100000 1120000
2425967623052370772757633156976982469681 1120000 1140000
2425967623052370772757633156976982469681 1140000 1160000
2425967623052370772757633156976982469681 1160000 1180000
2425967623052370772757633156976982469681 1180000 1200000
2425967623052370772757633156976982469681 1200000 1220000
2425967623052370772757633156976982469681 1220000 1240000
2425967623052370772757633156976982469681 1240000 1260000
2425967623052370772757633156976982469681 1260000 1280000
2425967623052370772757633156976982469681 1280000 1300000
2425967623052370772757633156976982469681 1300000 1320000
2425967623052370772757633156976982469681 1320000 1340000
2425967623052370772757633156976982469681 1340000 1360000
2425967623052370772757633156976982469681 1360000 1380000
2425967623052370772757633156976982469681 1380000 1400000
2425967623052370772757633156976982469681 1400000 1420000
2425967623052370772757633156976982469681 1420000 1440000
2425967623052370772757633156976982469681 1440000 1460000
2425967623052370772757633156976982469681 1460000 1480000
2425967623052370772757633156976982469681 1480000 1500000
2425967623052370772757633156976982469681 1500000 1520000
2425967623052370772757633156976982469681 1520000 1540000
2425967623052370772757633156976982469681 1540000 1560000
2425967623052370772757633156976982469681 1560000 1580000
2425967623052370772757633156976982469681 1580000 1600000
2425967623052370772757633156976982469681 1600000 1620000
2425967623052370772757633156976982469681 1620000 1640000
2425967623052370772757633156976982469681 1640000 1660000
2425967623052370772757633156976982469681 1660000 1680000
2425967623052370772757633156976982469681 1680000 1700000
2425967623052370772757633156976982469681 1700000 1720000
2425967623052370772757633156976982469681 1720000 1740000
2425967623052370772757633156976982469681 1740000 1760000
2425967623052370772757633156976982469681 1760000 1780000
2425967623052370772757633156976982469681 1780000 1800000
2425967623052370772757633156976982469681 1800000 1820000
2425967623052370772757633156976982469681 1820000 1840000
2425967623052370772757633156976982469681 1840000 1860000
2425967623052370772757633156976982469681 1860000 1880000
2425967623052370772757633156976982469681 1880000 1900000
2425967623052370772757633156976982469681 1900000 1920000
2425967623052370772757633156976982469681 1920000 1940000
2425967623052370772757633156976982469681 1940000 1960000
2425967623052370772757633156976982469681 1960000 1980000
2425967623052370772757633156976982469681 1980000 2000000
2425967623052370772757633156976982469681 2000000 2020000
2425967623052370772757633156976982469681 2020000 2040000
